tree
version=v4
num_class=1
num_tree_per_iteration=1
label_index=0
max_feature_idx=7
objective=binary sigmoid:1
feature_names=Column_0 Column_1 Column_2 Column_3 Column_4 Column_5 Column_6 Column_7
feature_infos=[-12:40] [0.29856181144714355:0.99983453750610352] [0.8441004604101181:2.9981224536895752] [0.82264524698257446:0.99771761894226074] [0.35451556347748814:0.9562378701041726] [0:44] [0:24] [0:15]
tree_sizes=659 653 757 656 754 655 762 656 761 657 763 762 657 659 653 667 667 764 767 666 669 769 764 765 767 764 669 774 765 772 769 767 668 775 767 671 766 754 672 671 665 661 559 661 757 569 641 559 671 555 856 861 855 560 658 658 557 863 762 759

Tree=0
num_leaves=5
num_cat=0
split_feature=1 3 4 3
split_gain=81.2833 6.63532 5.21341 5.44775
threshold=0.83170208334922802 0.97884967923164379 0.72269099249559299 0.99127388000488292
decision_type=2 2 2 2
left_child=2 -2 -1 -4
right_child=1 -3 3 -5
leaf_value=-0.80819216889331469 -0.67574993846100606 -0.77097964837821686 -0.87720362518579709 -0.81399580259810178
leaf_weight=3.3724875450134268 6.3234141469001752 3.1617070734500885 37.308143466711044 3.5832680165767661
leaf_count=16 30 15 177 17
internal_value=-0.837978 -0.705941 -0.866506 -0.871498
internal_weight=53.749 9.48512 44.2639 40.8914
internal_count=255 45 210 194
is_linear=0
shrinkage=1


Tree=1
num_leaves=5
num_cat=0
split_feature=1 3 4 3
split_gain=70.6983 5.17052 4.77979 5.22719
threshold=0.83170208334922802 0.97884967923164379 0.72269099249559299 0.96877959370613109
decision_type=2 2 2 2
left_child=2 -2 -1 -4
right_child=1 -3 3 -5
leaf_value=0.028013367197087569 0.14536163956793238 0.062147821228675716 -0.052991546827652371 -0.016164162169791496
leaf_weight=3.411869764328002 6.7049878835678083 3.2436340302228928 17.426981806755066 22.91118560731411
leaf_count=16 30 15 84 110
internal_value=0 0.119617 -0.0274198 -0.0322898
internal_weight=53.6987 9.94862 43.75 40.3382
internal_count=255 45 210 194
is_linear=0
shrinkage=0.05


Tree=2
num_leaves=6
num_cat=0
split_feature=1 1 4 3 3
split_gain=62.1555 4.65809 6.76821 5.71534 4.21202
threshold=0.83170208334922802 0.72449904680252086 0.84765956682317412 0.98792743682861339 0.97884967923164379
decision_type=2 2 2 2 2
left_child=1 3 -3 -1 -2
right_child=4 2 -4 -5 -6
leaf_value=-0.040568294854994628 0.13237290027004081 0.054016397698852449 -0.03991785715976396 0.024818260288320491 0.057851441881328125
leaf_weight=32.232107639312744 6.996320039033888 3.9265792518854132 3.5268353670835495 3.5621916502714148 3.3157704770565033
leaf_count=157 30 19 17 17 15
internal_value=0 -0.0263692 0.00896625 -0.0338708 0.109677
internal_weight=53.5598 43.2477 7.45341 35.7943 10.3121
internal_count=255 210 36 174 45
is_linear=0
shrinkage=0.05


Tree=3
num_leaves=5
num_cat=0
split_feature=1 4 2 4
split_gain=55.0869 4.39913 3.93351 2.84645
threshold=0.83170208334922802 0.72269099249559299 1.2582805156707766 0.80593525311526137
decision_type=2 2 2 2
left_child=1 -1 -3 -2
right_child=3 2 -4 -5
leaf_value=0.027701103706233056 0.12473980817249748 -0.058007318186217398 -0.020728913880906877 0.065711667036849081
leaf_weight=3.4179491996765128 6.1889153420925123 9.6736522018909437 29.661286205053329 4.4008984714746475
leaf_count=16 26 48 146 19
internal_value=0 -0.0253521 -0.0301474 0.101521
internal_weight=53.3427 42.7529 39.3349 10.5898
internal_count=255 210 194 45
is_linear=0
shrinkage=0.05


Tree=4
num_leaves=6
num_cat=0
split_feature=1 1 2 0 4
split_gain=49.1036 4.24278 6.6726 3.09152 2.43495
threshold=0.83170208334922802 0.72449904680252086 2.1033686995506291 8.5000000000000018 0.80593525311526137
decision_type=2 2 2 2 2
left_child=1 3 -3 -1 -2
right_child=4 2 -4 -5 -6
leaf_value=-0.036831560393841618 0.11588289983881961 0.061720053171546801 -0.032089494149393515 0.01051090522425829 0.061485768203150576
leaf_weight=31.189268231391907 6.3324224054813367 3.3101429343223563 4.1184324026107788 3.6537935435771933 4.473111554980278
leaf_count=156 26 16 20 18 19
internal_value=0 -0.0243764 0.0093121 -0.0317081 0.0945932
internal_weight=53.0772 42.2716 7.42858 34.8431 10.8055
internal_count=255 210 36 174 45
is_linear=0
shrinkage=0.05


Tree=5
num_leaves=5
num_cat=0
split_feature=1 4 0 4
split_gain=43.9918 3.95502 3.51698 2.14239
threshold=0.83170208334922802 0.72269099249559299 -6.4999999999999991 0.80593525311526137
decision_type=2 2 2 2
left_child=1 -1 -3 -2
right_child=3 2 -4 -5
leaf_value=0.02661889242537558 0.10856920552222477 0.014295253892818736 -0.033408705780206202 0.057696649240651904
leaf_weight=3.4401970058679572 6.4251335263252241 4.1413870006799689 34.216791972517967 4.5334585309028625
leaf_count=16 26 21 173 19
internal_value=0 -0.0234284 -0.0281045 0.0886879
internal_weight=52.757 41.7984 38.3582 10.9586
internal_count=255 210 194 45
is_linear=0
shrinkage=0.05


Tree=6
num_leaves=6
num_cat=0
split_feature=7 4 3 2 0
split_gain=27.7847 16.2171 6.21621 5.30311 2.40651
threshold=1.0000000180025095e-35 0.85912722173859102 0.98792743682861339 2.2502867877483372 8.5000000000000018
decision_type=2 2 2 2 2
left_child=2 3 4 -2 -1
right_child=1 -3 -4 -5 -6
leaf_value=-0.041825420050694208 0.038290297935131015 -0.031251161568808694 0.034888286526162084 0.099379330744944358 0.0013340727873212064
leaf_weight=25.331437557935718 7.2997209876775768 5.0272865295410147 3.2581350952386847 8.0386976450681669 3.4372352063655844
leaf_count=131 34 24 16 33 17
internal_value=0 0.0455358 -0.0290039 0.0710666 -0.0365088
internal_weight=52.3925 20.3657 32.0268 15.3384 28.7687
internal_count=255 91 164 67 148
is_linear=0
shrinkage=0.05


Tree=7
num_leaves=5
num_cat=0
split_feature=1 3 1 3
split_gain=36.3162 3.86429 5.73567 3.08347
threshold=0.83170208334922802 0.99127388000488292 0.72449904680252086 0.97884967923164379
decision_type=2 2 2 2
left_child=1 2 -1 -2
right_child=3 -3 -4 -5
leaf_value=-0.035296816844703274 0.098557938907800624 0.027203252689715213 0.016635855042585648 0.037999376598981539
leaf_weight=31.23612068593502 7.4873618185520154 3.5004654377698889 6.1984563767909995 3.6050431430339813
leaf_count=163 30 17 30 15
internal_value=0 -0.0217702 -0.0265431 0.0798384
internal_weight=52.0274 40.935 37.4346 11.0924
internal_count=255 210 193 45
is_linear=0
shrinkage=0.05


Tree=8
num_leaves=6
num_cat=0
split_feature=7 4 3 2 4
split_gain=22.6066 14.0411 5.59635 4.36195 2.44396
threshold=1.0000000180025095e-35 0.85912722173859102 0.98718279600143444 2.2502867877483372 0.72724188864231121
decision_type=2 2 2 2 2
left_child=2 3 4 -2 -1
right_child=1 -3 -4 -5 -6
leaf_value=0.0038368448290910118 0.034618172968775361 -0.030984037840430523 0.026755262480931977 0.089875187775708035 -0.04070408124362717
leaf_weight=3.2857798933982911 7.3918174952268627 5.0067645311355582 4.0559299439191809 8.0962168127298337 23.749026238918304
leaf_count=16 34 24 20 33 128
internal_value=0 0.0406783 -0.0268211 0.0642153 -0.0351122
internal_weight=51.5855 20.4948 31.0907 15.488 27.0348
internal_count=255 91 164 67 144
is_linear=0
shrinkage=0.05


Tree=9
num_leaves=5
num_cat=0
split_feature=1 4 3 3
split_gain=30.3597 3.4344 4.95027 2.68932
threshold=0.83170208334922802 0.72269099249559299 0.96877959370613109 0.97884967923164379
decision_type=2 2 2 2
left_child=1 -1 -3 -2
right_child=3 2 -4 -5
leaf_value=0.02628995426158956 0.090598267636490926 -0.046286732669679642 -0.0087268936467732421 0.034109073224678342
leaf_weight=3.4380691051483145 7.4305335432291013 15.470115810632704 21.176871001720428 3.6381857991218567
leaf_count=16 30 84 110 15
internal_value=0 -0.0202402 -0.0248012 0.0729501
internal_weight=51.1538 40.0851 36.647 11.0687
internal_count=255 210 194 45
is_linear=0
shrinkage=0.05


Tree=10
num_leaves=6
num_cat=0
split_feature=7 4 3 2 0
split_gain=19.0976 12.2216 5.09738 3.54476 2.39279
threshold=1.0000000180025095e-35 0.85912722173859102 0.98718279600143444 2.2502867877483372 8.5000000000000018
decision_type=2 2 2 2 2
left_child=2 3 4 -2 -1
right_child=1 -3 -4 -5 -6
leaf_value=-0.039030003519232789 0.032532884215471292 -0.029969529503803424 0.025678605915458022 0.082645518000954016 0.0049624448935494331
leaf_weight=22.901433467864997 7.4023288786411312 4.9396852850913993 4.0872506201267234 8.0305994451045972 3.3184555619955054
leaf_count=127 34 24 20 33 17
internal_value=0 0.0373667 -0.0251013 0.0592953 -0.0332745
internal_weight=50.6798 20.3726 30.3071 15.4329 26.2199
internal_count=255 91 164 67 144
is_linear=0
shrinkage=0.05


Tree=11
num_leaves=6
num_cat=0
split_feature=7 4 3 2 4
split_gain=17.3691 11.0422 4.69291 3.3167 2.13382
threshold=1.0000000180025095e-35 0.85912722173859102 0.98718279600143444 2.2502867877483372 0.72724188864231121
decision_type=2 2 2 2 2
left_child=2 3 4 -2 -1
right_child=1 -3 -4 -5 -6
leaf_value=0.0040614313453121555 0.030656862372740623 -0.028848979615928767 0.024164166171679657 0.079091475063645458 -0.037686753506965806
leaf_weight=3.2739508002996507 7.4669370353221911 4.8803942501544944 4.1313333958387366 7.9776561409235001 22.482898309826851
leaf_count=16 34 24 20 33 128
internal_value=0 0.0356021 -0.0241804 0.0563445 -0.0321916
internal_weight=50.2132 20.325 29.8882 15.4446 25.7568
internal_count=255 91 164 67 144
is_linear=0
shrinkage=0.05


Tree=12
num_leaves=5
num_cat=0
split_feature=1 0 3 3
split_gain=23.7952 3.10421 3.79103 2.33782
threshold=0.83170208334922802 8.5000000000000018 0.99127388000488292 0.97884967923164379
decision_type=2 2 2 2
left_child=1 2 -1 -2
right_child=3 -3 -4 -5
leaf_value=-0.028451096684487299 0.082146147845602729 0.02428591603271095 0.024866855631463135 0.029297759899084182
leaf_weight=31.656803637742996 7.1849402934312803 3.6882275342941275 3.5475259870290747 3.6468946188688278
leaf_count=174 30 19 17 15
internal_value=0 -0.0182294 -0.0228814 0.0652411
internal_weight=49.7244 38.8926 35.2043 10.8318
internal_count=255 210 191 45
is_linear=0
shrinkage=0.05


Tree=13
num_leaves=5
num_cat=0
split_feature=1 0 4 4
split_gain=21.749 3.06034 3.85133 1.51929
threshold=0.83170208334922802 -6.4999999999999991 0.79530082818339864 0.80593525311526137
decision_type=2 2 2 2
left_child=1 -1 -3 -2
right_child=3 2 -4 -5
leaf_value=0.024134813161856086 0.079958965806160076 -0.0057698309532760294 -0.039460485784201908 0.037582191698914448
leaf_weight=3.7832919508218756 6.1134331226348859 17.990545198321342 16.736690938472748 4.6036793887615204
leaf_count=21 26 98 91 19
internal_value=0 -0.0174833 -0.0222172 0.0627334
internal_weight=49.2276 38.5105 34.7272 10.7171
internal_count=255 210 189 45
is_linear=0
shrinkage=0.05


Tree=14
num_leaves=5
num_cat=0
split_feature=1 3 1 3
split_gain=19.8922 2.89154 4.43686 2.28637
threshold=0.83170208334922802 0.99127388000488292 0.72449904680252086 0.97884967923164379
decision_type=2 2 2 2
left_child=1 2 -1 -2
right_child=3 -3 -4 -5
leaf_value=-0.029625358388446568 0.077511535226041109 0.025143185178569116 0.016492687092952023 0.025350775040906562
leaf_weight=28.4738779515028 6.9349593520164472 3.5381974577903739 6.1621068567037574 3.6648317277431488
leaf_count=163 30 17 30 15
internal_value=0 -0.0167673 -0.0212527 0.06035
internal_weight=48.774 38.1742 34.636 10.5998
internal_count=255 210 193 45
is_linear=0
shrinkage=0.05


Tree=15
num_leaves=5
num_cat=0
split_feature=1 0 0 4
split_gain=18.2303 2.92553 3.55698 1.49844
threshold=0.83170208334922802 8.5000000000000018 -6.4999999999999991 0.80593525311526137
decision_type=2 2 2 2
left_child=1 2 -1 -2
right_child=3 -3 -4 -5
leaf_value=0.023806230725172069 0.075709076070918702 0.025317175906929418 -0.026509551304455856 0.033591673496602185
leaf_weight=3.7876461893320039 5.8726945519447309 3.6575845479965201 30.348170623183254 4.582830473780632
leaf_count=21 26 19 170 19
internal_value=1.15584e-07 -0.0160842 -0.0207273 0.0582151
internal_weight=48.2489 37.7934 34.1358 10.4555
internal_count=255 210 191 45
is_linear=0
shrinkage=0.05


Tree=16
num_leaves=5
num_cat=0
split_feature=1 4 3 3
split_gain=16.7022 2.88091 4.80135 2.25344
threshold=0.83170208334922802 0.72269099249559299 0.96877959370613109 0.97884967923164379
decision_type=2 2 2 2
left_child=1 -1 -3 -2
right_child=3 2 -4 -5
leaf_value=0.02731071092373414 0.073735580548709864 -0.042142703235068649 -0.003777312564601685 0.021894011127556408
leaf_weight=3.4003720730543128 6.6438944041728956 14.102661982178686 19.96377195417881 3.6706990003585815
leaf_count=16 30 84 110 15
internal_value=2.28197e-05 -0.0154053 -0.0198828 0.056154
internal_weight=47.7814 37.4668 34.0664 10.3146
internal_count=255 210 194 45
is_linear=0
shrinkage=0.05


Tree=17
num_leaves=6
num_cat=0
split_feature=2 6 2 3 0
split_gain=11.2307 8.373 6.37091 4.73017 2.06182
threshold=1.8291803002357485 3.5000000000000004 2.594181597232819 0.98718279600143444 8.5000000000000018
decision_type=2 2 2 2 2
left_child=3 -2 -3 4 -1
right_child=1 2 -4 -5 -6
leaf_value=-0.035362132526457341 0.097944844261536879 -0.0068828339816925281 0.058463185323283068 0.033598670277975869 0.0060094748019660117
leaf_weight=20.051127105951316 3.4428992271423366 12.009212568402292 5.235173523426055 3.2655854970216742 3.2742621004581443
leaf_count=123 16 59 24 16 17
internal_value=2.83709e-05 0.0276888 0.0128898 -0.0213267 -0.0293404
internal_weight=47.2783 20.6873 17.2444 26.591 23.3254
internal_count=255 99 83 156 140
is_linear=0
shrinkage=0.05


Tree=18
num_leaves=6
num_cat=0
split_feature=2 4 3 0 4
split_gain=10.2346 8.94406 4.33018 2.50687 1.98687
threshold=1.8291803002357485 0.85912722173859102 0.98718279600143444 1.5000000000000002 0.72724188864231121
decision_type=2 2 2 2 2
left_child=2 3 4 -2 -1
right_child=1 -3 -4 -5 -6
leaf_value=0.0068125888847282616 0.034224051447932578 -0.02638016396368404 0.031536694966692119 0.084752179987396037 -0.034308086841025792
leaf_weight=3.1835903376340928 11.519113525748255 5.6290522068738928 3.310484141111373 3.4523931145668021 19.737232133746147
leaf_count=16 55 28 16 16 124
internal_value=4.13478e-05 0.026453 -0.0205327 0.0466925 -0.0283746
internal_weight=46.8319 20.6006 26.2313 14.9715 22.9208
internal_count=255 99 156 71 140
is_linear=0
shrinkage=0.05


Tree=19
num_leaves=5
num_cat=0
split_feature=1 0 0 3
split_gain=13.5069 2.78786 3.25877 2.12561
threshold=0.83170208334922802 -6.4999999999999991 8.5000000000000018 0.97884967923164379
decision_type=2 2 2 2
left_child=1 -1 -3 -2
right_child=3 2 -4 -5
leaf_value=0.026247963140119148 0.069630126439874096 -0.024314133878973937 0.024644450891030692 0.018805548240359633
leaf_weight=3.6914834380149832 6.2272507697343809 29.153789892792702 3.6647552251815787 3.6560173481702805
leaf_count=21 30 170 19 15
internal_value=4.77427e-05 -0.0139028 -0.0186369 0.0517066
internal_weight=46.3933 36.51 32.8185 9.88327
internal_count=255 210 189 45
is_linear=0
shrinkage=0.05


Tree=20
num_leaves=5
num_cat=0
split_feature=1 0 4 4
split_gain=12.4212 2.53191 3.87069 1.49623
threshold=0.83170208334922802 -6.4999999999999991 0.79530082818339864 0.80593525311526137
decision_type=2 2 2 2
left_child=1 -1 -3 -2
right_child=3 2 -4 -5
leaf_value=0.024637209426370228 0.068769246534813991 -0.00099810689972360737 -0.035812975472336493 0.02609101114893533
leaf_weight=3.7413949072360984 5.2411138117313367 16.92218641936779 15.560201749205588 4.4642667174339294
leaf_count=21 26 98 91 19
internal_value=6.95988e-05 -0.0133022 -0.0178878 0.0501144
internal_weight=45.9292 36.2238 32.4824 9.70538
internal_count=255 210 189 45
is_linear=0
shrinkage=0.05


Tree=21
num_leaves=6
num_cat=0
split_feature=1 3 4 5 3
split_gain=11.4216 2.59134 7.71361 5.8335 2.11499
threshold=0.83170208334922802 0.96201154589653026 0.79530082818339864 10.500000000000002 0.97884967923164379
decision_type=2 2 2 2 2
left_child=1 3 -3 -1 -2
right_child=4 2 -4 -5 -6
leaf_value=0.0029903200980755987 0.067133702476556631 0.035976627890951858 -0.024159171089582383 -0.062960632225783061 0.016124243568161865
leaf_weight=6.3790677487850171 5.8942377269268018 8.2110018879175204 14.728006497025488 6.6427963972091675 3.6459054052829742
leaf_count=37 30 47 86 40 15
internal_value=7.51848e-05 -0.0127392 -0.00235386 -0.0304954 0.0485278
internal_weight=45.501 35.9609 22.939 13.0219 9.54014
internal_count=255 210 133 77 45
is_linear=0
shrinkage=0.05


Tree=22
num_leaves=6
num_cat=0
split_feature=1 4 3 0 1
split_gain=10.7202 7.78 4.55675 2.63967 1.16105
threshold=0.72449904680252086 0.85912722173859102 0.99027183651924144 8.5000000000000018 0.80422800779342662
decision_type=2 2 2 2 2
left_child=2 4 3 -1 -2
right_child=1 -3 -4 -5 -6
leaf_value=-0.031064539225643881 0.02440518333182411 -0.024484187441132239 0.044145288416743825 0.014359394733013595 0.062568632771607333
leaf_weight=22.513770133256919 3.4519191682338741 4.3069322109222403 2.5066209137439719 3.5031959712505332 8.7743828296661359
leaf_count=144 16 22 12 18 43
internal_value=7.45509e-05 0.032107 -0.0183652 -0.0247252 0.0524848
internal_weight=45.0568 16.5332 28.5236 26.017 12.2263
internal_count=255 81 174 162 59
is_linear=0
shrinkage=0.05


Tree=23
num_leaves=6
num_cat=0
split_feature=1 3 3 1 0
split_gain=9.80082 6.45644 4.14056 2.48558 2.44979
threshold=0.72449904680252086 0.9845557212829591 0.99027183651924144 0.86210691928863536 8.5000000000000018
decision_type=2 2 2 2 2
left_child=2 3 4 -2 -1
right_child=1 -3 -4 -5 -6
leaf_value=-0.030092287957037857 0.022989450878286785 -0.025159476842101888 0.041319798519302363 0.069591554623666604 0.013574509120068697
leaf_weight=22.093199297785766 5.9874181300401705 3.7682159394025794 2.5498036444187155 6.5856080800294876 3.5256526470184317
leaf_count=144 29 18 12 34 18
internal_value=8.4009e-05 0.030891 -0.017657 0.0481502 -0.0238591
internal_weight=44.5099 16.3412 28.1687 12.573 25.6189
internal_count=255 81 174 63 162
is_linear=0
shrinkage=0.05


Tree=24
num_leaves=6
num_cat=0
split_feature=1 4 3 4 1
split_gain=8.96148 6.78303 4.5471 2.696 1.13245
threshold=0.72449904680252086 0.85912722173859102 0.99127388000488292 0.83838501397301179 0.81726735830307018
decision_type=2 2 2 2 2
left_child=2 4 3 -1 -2
right_child=1 -3 -4 -5 -6
leaf_value=-0.01562488737066009 0.024078026563666061 -0.023274433632801315 0.046903306411782177 -0.059919578007394336 0.060436465057881465
leaf_weight=21.221979275345809 3.9361039549112338 4.2545662969350806 2.3971206098794928 4.2037782222032538 7.963021844625473
leaf_count=136 18 22 11 27 41
internal_value=9.57653e-05 0.0297244 -0.0169721 -0.0233503 0.0491271
internal_weight=43.9766 16.1537 27.8229 25.4258 11.8991
internal_count=255 81 174 163 59
is_linear=0
shrinkage=0.05


Tree=25
num_leaves=6
num_cat=0
split_feature=1 6 3 3 0
split_gain=8.20469 5.832 5.91427 4.12747 2.32489
threshold=0.72449904680252086 3.5000000000000004 0.9845557212829591 0.99127388000488292 8.5000000000000018
decision_type=2 2 2 2 2
left_child=3 -2 -3 4 -1
right_child=1 2 -4 -5 -6
leaf_value=-0.028734153500460647 0.087286491962890331 0.032267043802564635 -0.045739419089159017 0.043955378041934112 0.013928611023793811
leaf_weight=21.564156070351608 3.2785221487283698 9.5584376454353315 3.1143150776624671 2.435663476586341 3.5139676034450522
leaf_count=145 16 50 15 11 18
internal_value=8.76868e-05 0.0286287 0.0124976 -0.0163218 -0.022526
internal_weight=43.4651 15.9513 12.6728 27.5138 25.0781
internal_count=255 81 65 174 163
is_linear=0
shrinkage=0.05


Tree=26
num_leaves=5
num_cat=0
split_feature=1 5 3 3
split_gain=7.78502 2.51724 4.24139 1.87695
threshold=0.83170208334922802 26.500000000000004 0.99027183651924144 0.97884967923164379
decision_type=2 2 2 2
left_child=1 2 -1 -2
right_child=3 -3 -4 -5
leaf_value=-0.01146976090591474 0.061999008584628396 -0.050365668768329742 0.053824673899138857 0.012236888958130332
leaf_weight=28.367477342486385 5.0630625784397107 3.4732246696948996 2.6100201010704032 3.5413587987422943
leaf_count=179 30 19 12 15
internal_value=9.37687e-05 -0.0104373 -0.00565197 0.0424685
internal_weight=43.0551 34.4507 30.9775 8.60442
internal_count=255 210 191 45
is_linear=0
shrinkage=0.05


Tree=27
num_leaves=6
num_cat=0
split_feature=1 4 3 4 3
split_gain=7.18536 2.49409 6.09005 2.73744 1.8276
threshold=0.83170208334922802 0.84053285682902634 0.97377505898475658 0.87700971961021434 0.97884967923164379
decision_type=2 2 2 2 2
left_child=1 2 -1 -3 -2
right_child=4 3 -4 -5 -6
leaf_value=-0.018059445017853303 0.061094560311037376 -0.059589494885005402 0.034530655887269855 -0.00028063927106866145 0.01165104643062922
leaf_weight=18.31266908347607 4.8870610147714597 4.5126361399888975 7.7364130467176428 3.6632262468338013 3.5385564118623734
leaf_count=116 30 30 45 19 15
internal_value=9.89091e-05 -0.00998827 -0.00217698 -0.0339446 0.0412962
internal_weight=42.6506 34.2249 26.0491 8.17586 8.42562
internal_count=255 210 161 49 45
is_linear=0
shrinkage=0.05


Tree=28
num_leaves=6
num_cat=0
split_feature=1 3 3 6 0
split_gain=6.80324 6.19975 3.43044 3.39989 2.19419
threshold=0.72449904680252086 0.9896027445793153 0.99127388000488292 3.5000000000000004 8.5000000000000018
decision_type=2 2 2 2 2
left_child=2 3 4 -2 -1
right_child=1 -3 -4 -5 -6
leaf_value=-0.02708125467236995 0.090543602209640903 -0.038787146107669708 0.03918721306287249 0.026670203989433008 0.014560227945110308
leaf_weight=20.855835460126407 2.7688854932785025 2.8026725798845282 2.4908086359500876 9.8441368043422681 3.4942473769187918
leaf_count=145 14 14 11 53 18
internal_value=8.81637e-05 0.0265786 -0.0149828 0.0416873 -0.0208661
internal_weight=42.2566 15.4157 26.8409 12.613 24.3501
internal_count=255 81 174 67 163
is_linear=0
shrinkage=0.05


Tree=29
num_leaves=6
num_cat=0
split_feature=1 2 0 3 3
split_gain=6.30044 2.44836 4.39032 1.74688 0.692438
threshold=0.83170208334922802 1.2582805156707766 -6.4999999999999991 0.97884967923164379 0.96280726790428173
decision_type=2 2 2 2 2
left_child=1 4 -3 -2 -1
right_child=3 2 -4 -5 -6
leaf_value=-0.014083927394594032 0.059709062124277859 0.057439163392747163 -0.0090354827426382296 0.010713270417538848 -0.048195198469003636
leaf_weight=3.2220025658607474 4.6019670367240888 2.668661192059516 23.632371053099636 3.5177328288555145 4.2211142033338547
leaf_count=22 30 15 144 15 29
internal_value=9.67534e-05 -0.0093206 -0.00190916 0.0394793 -0.0344743
internal_weight=41.8638 33.7441 26.301 8.1197 7.44312
internal_count=255 210 159 45 51
is_linear=0
shrinkage=0.05


Tree=30
num_leaves=6
num_cat=0
split_feature=1 3 4 3 3
split_gain=5.84383 2.76521 7.07114 2.674 2.53507
threshold=0.81726735830307018 0.96201154589653026 0.79530082818339864 0.97824284434318554 0.93501707911491405
decision_type=2 2 2 2 2
left_child=1 4 -3 -2 -1
right_child=3 2 -4 -5 -6
leaf_value=0.0071152998561810404 0.06009256984299275 0.037925524566722268 -0.02173875289882125 0.0043603910785323715 -0.043488588075073359
leaf_weight=3.2276931107044211 4.9217008054256421 7.9714970290660885 12.78561247885227 4.1580756008625031 8.4345792233943921
leaf_count=19 32 47 81 19 57
internal_value=9.26252e-05 -0.00973206 0.00100678 0.0354403 -0.0291168
internal_weight=41.4992 32.4194 20.7571 9.07978 11.6623
internal_count=255 204 128 51 76
is_linear=0
shrinkage=0.05


Tree=31
num_leaves=6
num_cat=0
split_feature=1 3 3 6 0
split_gain=5.46611 5.54107 3.17842 3.12952 2.0136
threshold=0.72449904680252086 0.9896027445793153 0.99127388000488292 3.5000000000000004 8.5000000000000018
decision_type=2 2 2 2 2
left_child=2 3 4 -2 -1
right_child=1 -3 -4 -5 -6
leaf_value=-0.025521029406957482 0.086321284707657778 -0.037902571648679335 0.038451936127718987 0.024165775651637113 0.014457446728603204
leaf_weight=20.187707744538791 2.6918073892593375 2.7573069632053366 2.4962734729051581 9.5084472745656949 3.4919277876615515
leaf_count=145 14 14 11 53 18
internal_value=9.42768e-05 0.0242329 -0.0135486 0.0388763 -0.0193793
internal_weight=41.1335 14.9576 26.1759 12.2003 23.6796
internal_count=255 81 174 67 163
is_linear=0
shrinkage=0.05


Tree=32
num_leaves=5
num_cat=0
split_feature=1 5 3 3
split_gain=5.1628 2.44423 3.3376 1.61009
threshold=0.83170208334922802 26.500000000000004 0.99027183651924144 0.97884967923164379
decision_type=2 2 2 2
left_child=1 2 -1 -2
right_child=3 -3 -4 -5
leaf_value=-0.0090373800405620149 0.057811766818789349 -0.048688880045098804 0.04855179352131795 0.0096836156870281458
leaf_weight=27.145341023802761 4.1713260114192954 3.293949380517005 2.6589434146881095 3.4944661110639572
leaf_count=179 30 19 12 15
internal_value=0.000103218 -0.00835955 -0.00358727 0.0369235
internal_weight=40.764 33.0982 29.8043 7.66579
internal_count=255 210 191 45
is_linear=0
shrinkage=0.05


Tree=33
num_leaves=6
num_cat=0
split_feature=2 4 3 0 3
split_gain=3.79734 5.34034 6.51377 1.42872 0.745458
threshold=1.2582805156707766 0.84765956682317412 0.96877959370613109 -2.4999999999999996 0.96280726790428173
decision_type=2 2 2 2 2
left_child=4 2 -2 -3 -1
right_child=1 3 -4 -5 -6
leaf_value=-0.011379085316971137 -0.0039882162596463827 -0.052761724290862393 0.046847252869473222 -0.0088954712898294645 -0.047086947041908848
leaf_weight=3.0747349560260764 13.625940561294557 3.2218395918607712 11.347194179892538 5.1178651526570302 4.0278404355049133
leaf_count=22 92 18 63 31 29
internal_value=0.000107447 0.00732791 0.0190055 -0.0268589 -0.0326957
internal_weight=40.4154 33.3128 24.9731 8.3397 7.10258
internal_count=255 204 155 49 51
is_linear=0
shrinkage=0.05


Tree=34
num_leaves=6
num_cat=0
split_feature=1 3 6 3 4
split_gain=4.6817 4.88257 2.9546 2.78023 2.58685
threshold=0.72449904680252086 0.9896027445793153 3.5000000000000004 0.99127388000488292 0.83838501397301179
decision_type=2 2 2 2 2
left_child=3 2 -2 4 -1
right_child=1 -3 -4 -5 -6
leaf_value=-0.010641887109217455 0.083116471240798809 -0.03644897280737542 0.022111711299474052 0.035680911603770279 -0.057030085928722322
leaf_weight=19.592883817851551 2.6349489241838446 2.6753282696008673 9.2783464416861516 2.5160624086856833 3.5857924297451964
leaf_count=136 14 14 53 11 27
internal_value=5.21431e-05 0.0227069 0.0366003 -0.0126548 -0.0182472
internal_weight=40.2834 14.5886 11.9133 25.6947 23.1787
internal_count=255 81 67 174 163
is_linear=0
shrinkage=0.05


Tree=35
num_leaves=5
num_cat=0
split_feature=4 2 4 0
split_gain=3.59243 5.17991 4.20916 0.365355
threshold=0.71031382504631502 1.2582805156707766 0.84765956682317412 -2.4999999999999996
decision_type=2 2 2 2
left_child=-1 3 -3 -2
right_child=1 2 -4 -5
leaf_value=0.054728186745790941 -0.028178110866905217 0.015786948195103109 -0.025805387993549873 -0.05848969681744394
leaf_weight=2.7057977169752112 3.3718923181295395 22.586742728948597 8.1639842018485052 3.129815235733985
leaf_count=15 26 142 49 23
internal_value=4.27641e-05 -0.00393129 0.00453471 -0.0441919
internal_weight=39.9582 37.2524 30.7507 6.50171
internal_count=255 240 191 49
is_linear=0
shrinkage=0.05


Tree=36
num_leaves=6
num_cat=0
split_feature=2 6 0 3 0
split_gain=3.27736 5.97327 5.41872 2.80812 1.74034
threshold=1.8291803002357485 3.5000000000000004 1.5000000000000002 0.98718279600143444 -6.4999999999999991
decision_type=2 2 2 2 2
left_child=3 -2 -3 4 -1
right_child=1 2 -4 -5 -6
leaf_value=0.018212235773211561 0.080284943385293392 -0.012052252776920062 0.065110701708488858 0.029638217915816712 -0.02552291790893256
leaf_weight=2.415207624435431 2.9339441284537342 11.592435047030447 2.7179109975695601 3.2180891484022132 16.932210691273212
leaf_count=16 16 67 16 16 124
internal_value=1.4385e-05 0.0164974 0.00260618 -0.0123784 -0.0197406
internal_weight=39.8098 17.2443 14.3103 22.5655 19.3474
internal_count=255 99 83 156 140
is_linear=0
shrinkage=0.05


Tree=37
num_leaves=6
num_cat=0
split_feature=1 4 3 4 3
split_gain=4.22247 2.15719 4.94144 2.52165 1.54437
threshold=0.83170208334922802 0.84053285682902634 0.96201154589653026 0.87700971961021434 0.97884967923164379
decision_type=2 2 2 2 2
left_child=1 2 -1 -3 -2
right_child=4 3 -4 -5 -6
leaf_value=-0.024683590410235483 0.05630327900250745 -0.057788019538348549 0.019909311101901011 0 0.0079729142228953508
leaf_weight=11.320548772811891 3.7903926894068709 3.959485597908496 13.514828152954577 3.5456367358565331 3.4179238677024841
leaf_count=77 30 30 84 19 15
internal_value=3.53272e-05 -0.00757354 -0.000234137 -0.0308806 0.0344936
internal_weight=39.5488 32.3405 24.8354 7.50512 7.20832
internal_count=255 210 161 49 45
is_linear=0
shrinkage=0.05


Tree=38
num_leaves=5
num_cat=0
split_feature=4 2 4 0
split_gain=3.34641 4.68631 3.72046 0.357739
threshold=0.71031382504631502 1.2582805156707766 0.84765956682317412 -2.4999999999999996
decision_type=2 2 2 2
left_child=-1 3 -3 -2
right_child=1 2 -4 -5
leaf_value=0.053175567358057764 -0.027048758044750338 0.014745788838621135 -0.024787134865679863 -0.057557468508475818
leaf_weight=2.6669178232550612 3.2795125022530556 22.366283953189853 7.9480398744344702 2.9641640484333029
leaf_count=15 26 142 49 23
internal_value=2.92566e-05 -0.00384587 0.00416893 -0.0429999
internal_weight=39.2249 36.558 30.3143 6.24368
internal_count=255 240 191 49
is_linear=0
shrinkage=0.05


Tree=39
num_leaves=5
num_cat=0
split_feature=4 2 4 5
split_gain=3.01274 4.37028 3.37531 0.247122
threshold=0.71031382504631502 1.2582805156707766 0.84765956682317412 3.5000000000000004
decision_type=2 2 2 2
left_child=-1 3 -3 -2
right_child=1 2 -4 -5
leaf_value=0.050229628309709506 -0.055368908689227149 0.013952023667341593 -0.023831514711189314 -0.027623763345132536
leaf_weight=2.6874802187085143 2.8450506404042235 22.46003066748381 7.8597162067890158 3.2285290360450745
leaf_count=15 24 142 49 25
internal_value=1.76987e-06 -0.00369779 0.00394698 -0.0421167
internal_weight=39.0808 36.3933 30.3197 6.07358
internal_count=255 240 191 49
is_linear=0
shrinkage=0.05


Tree=40
num_leaves=5
num_cat=0
split_feature=1 5 3 0
split_gain=3.81044 2.19586 4.54226 1.73173
threshold=0.83170208334922802 26.500000000000004 0.99127388000488292 -1.0000000180025095e-35
decision_type=2 2 2 2
left_child=1 2 -1 -2
right_child=3 -3 -4 -5
leaf_value=-0.0087237960329312747 0.011384108198893824 -0.046622359498167988 0.063177420689423724 0.064224285912260592
leaf_weight=26.606286503374584 4.2247901037335396 3.097663737833499 2.2872682660818091 2.7192358374595633
leaf_count=181 25 19 10 20
internal_value=0 -0.00720575 -0.00266124 0.0334038
internal_weight=38.9352 31.9912 28.8936 6.94403
internal_count=255 210 191 45
is_linear=0
shrinkage=0.05


Tree=41
num_leaves=5
num_cat=0
split_feature=4 2 4 0
split_gain=2.73283 4.06436 3.05176 0.365779
threshold=0.71031382504631502 1.2582805156707766 0.84765956682317412 -2.4999999999999996
decision_type=2 2 2 2
left_child=-1 3 -3 -2
right_child=1 2 -4 -5
leaf_value=0.04784487688750666 -0.025111941633197972 0.013252682933247642 -0.022923231657844278 -0.056418067130024452
leaf_weight=2.6839537918567649 3.1305416524410248 22.354003503918651 7.7229097113013259 2.7502596452832213
leaf_count=15 26 142 49 23
internal_value=0 -0.00356878 0.00375285 -0.0412873
internal_weight=38.6417 35.9577 30.0769 5.8808
internal_count=255 240 191 49
is_linear=0
shrinkage=0.05


Tree=42
num_leaves=4
num_cat=0
split_feature=1 4 2
split_gain=3.50619 2.60362 2.8347
threshold=0.9271829128265382 0.71670713845421297 1.2582805156707766
decision_type=2 2 2
left_child=1 -1 -3
right_child=-2 2 -4
leaf_value=0.039085792693196585 0.049425854449639151 -0.040430967192552146 -0.0016714380194584599
leaf_weight=2.9892676174640647 3.1947533786296836 5.7228440940380088 26.596557095646858
leaf_count=15 24 49 167
internal_value=0 -0.00449885 -0.00879242
internal_weight=38.5034 35.3087 32.3194
internal_count=255 231 216
is_linear=0
shrinkage=0.05


Tree=43
num_leaves=5
num_cat=0
split_feature=1 4 3 0
split_gain=3.27336 2.48071 4.361 1.69322
threshold=0.83170208334922802 0.71670713845421297 0.96877959370613109 -1.0000000180025095e-35
decision_type=2 2 2 2
left_child=1 -1 -3 -2
right_child=3 2 -4 -5
leaf_value=0.036118602348688321 0.0099161193518497864 -0.03502244107041301 0.0044322853053569942 0.063257485644167985
leaf_weight=2.9166639596223858 4.1446288749575615 11.506148420274259 17.15567585080862 2.5473022907972327
leaf_count=14 25 86 110 20
internal_value=0 -0.0066618 -0.0112995 0.0315892
internal_weight=38.2704 31.5785 28.6618 6.69193
internal_count=255 210 196 45
is_linear=0
shrinkage=0.05


Tree=44
num_leaves=6
num_cat=0
split_feature=2 6 0 0 2
split_gain=2.40674 5.61301 4.87452 2.59867 2.96767
threshold=1.8291803002357485 3.5000000000000004 1.5000000000000002 -6.4999999999999991 1.4215798228979113
decision_type=2 2 2 2 2
left_child=3 -2 -3 -1 -5
right_child=1 2 -4 4 -6
leaf_value=0.032302076956999541 0.07781539927658529 -0.013383526746116536 0.062679961488375666 0.0020670131423635393 -0.037046506090884869
leaf_weight=2.857636675238612 2.7922490984201458 11.010708376765249 2.4967910125851622 9.2181471064686793 9.6053711473941785
leaf_count=18 16 67 16 72 66
internal_value=0 0.0145812 0.000666272 -0.0107777 -0.0177181
internal_weight=37.9809 16.2997 13.5075 21.6812 18.8235
internal_count=255 99 83 156 138
is_linear=0
shrinkage=0.05


Tree=45
num_leaves=4
num_cat=0
split_feature=1 4 2
split_gain=3.07704 2.18894 2.7291
threshold=0.9271829128265382 0.71031382504631502 1.2582805156707766
decision_type=2 2 2
left_child=1 -1 -3
right_child=-2 2 -4
leaf_value=0.040340099998999249 0.047609097522469085 -0.039414248842568611 -0.00090152924833531919
leaf_weight=2.4326407089829436 3.0313774943351737 5.5304246470332137 26.787471033632755
leaf_count=12 24 49 170
internal_value=2.38204e-06 -0.0041317 -0.00774754
internal_weight=37.7819 34.7505 32.3179
internal_count=255 231 219
is_linear=0
shrinkage=0.05


Tree=46
num_leaves=5
num_cat=0
split_feature=1 5 2 3
split_gain=2.85932 2.10044 4.92874 4.20361
threshold=0.9271829128265382 13.500000000000002 1.8291803002357485 0.96547645330429088
decision_type=2 2 2 2
left_child=1 2 -1 -3
right_child=-2 3 -4 -5
leaf_value=-0.0039067069984986607 0.04654609808453921 -0.055011556074334313 0.064917823171140546 0
leaf_weight=14.864994235336782 2.9499461427330962 4.9290392771363285 3.0262037441134444 11.788024201989172
leaf_count=107 24 36 17 71
internal_value=0 -0.00394613 0.00775282 -0.0167357
internal_weight=37.5582 34.6083 17.8912 16.7171
internal_count=255 231 124 107
is_linear=0
shrinkage=0.05


Tree=47
num_leaves=4
num_cat=0
split_feature=1 4 3
split_gain=2.65794 1.96544 2.92572
threshold=0.9271829128265382 0.71670713845421297 0.96547645330429088
decision_type=2 2 2
left_child=1 -1 -3
right_child=-2 2 -4
leaf_value=0.033845574732686901 0.045500105442652511 -0.029141584827052792 0.0029521580642087636
leaf_weight=3.0122539475560179 2.8711905106902114 10.466270588338377 20.923906452953815
leaf_count=15 24 83 133
internal_value=0 -0.0037828 -0.00764848
internal_weight=37.2736 34.4024 31.3902
internal_count=255 231 216
is_linear=0
shrinkage=0.05


Tree=48
num_leaves=5
num_cat=0
split_feature=1 5 3 1
split_gain=2.46785 1.91239 3.84223 3.7971
threshold=0.9271829128265382 13.500000000000002 0.96547645330429088 0.702703356742859
decision_type=2 2 2 2
left_child=1 3 -3 -1
right_child=-2 2 -4 -5
leaf_value=-0.0028357177496897744 0.044469948098538374 -0.053604656961168146 -0.00012869659947014125 0.057033230206861601
leaf_weight=14.677459158003332 2.7950843125581732 4.7040706276893642 11.801016844809054 3.0973637774586669
leaf_count=107 24 36 71 17
internal_value=3.85614e-06 -0.00359515 -0.0159019 0.00757777
internal_weight=37.075 34.2799 16.5051 17.7748
internal_count=255 231 107 124
is_linear=0
shrinkage=0.05


Tree=49
num_leaves=4
num_cat=0
split_feature=1 4 3
split_gain=2.29369 1.75814 2.58255
threshold=0.9271829128265382 0.71670713845421297 0.96877959370613109
decision_type=2 2 2
left_child=1 -1 -3
right_child=-2 2 -4
leaf_value=0.032115656143377351 0.043454617632900566 -0.026026911909439 0.0036160909925312757
leaf_weight=3.0118211880326262 2.7215932980179778 11.399454265832903 19.676741562783718
leaf_count=15 24 93 123
internal_value=0 -0.0034469 -0.00714586
internal_weight=36.8096 34.088 31.0762
internal_count=255 231 216
is_linear=0
shrinkage=0.05


Tree=50
num_leaves=7
num_cat=0
split_feature=4 2 3 3 5 3
split_gain=2.03566 3.24535 5.12199 1.46672 1.28703 0.765838
threshold=0.84765956682317412 1.2787057906389239 0.96442237496376049 0.96280726790428173 14.500000000000002 0.98882442712783825
decision_type=2 2 2 2 2 2
left_child=1 3 -3 -1 -2 -6
right_child=4 2 -4 -5 5 -7
leaf_value=0 0.0029170689538603601 -0.010592543612238303 0.036181317456715649 -0.053532840491980309 -0.058492000587715733 -0.016285601363624169
leaf_weight=2.4640564247965839 3.0471000447869283 10.563464514911177 12.594930484890936 2.6863361448049545 2.2856735661625862 2.9817030727863312
leaf_count=22 19 81 73 25 18 17
internal_value=6.62855e-06 0.00653999 0.0146771 -0.0286784 -0.0214571 -0.0362803
internal_weight=36.6233 28.3088 23.1584 5.15039 8.31448 5.26738
internal_count=255 201 154 47 54 35
is_linear=0
shrinkage=0.05


Tree=51
num_leaves=7
num_cat=0
split_feature=4 3 5 5 5 3
split_gain=1.85853 2.63059 3.47582 3.30687 1.20853 0.746446
threshold=0.84765956682317412 0.96201154589653026 7.5000000000000009 9.5000000000000018 14.500000000000002 0.98882442712783825
decision_type=2 2 2 2 2 2
left_child=1 2 -1 -3 -2 -6
right_child=4 3 -4 -5 5 -7
leaf_value=0.023009699834974407 0.0027733072548207231 -0.011514601514707703 -0.032348946598459362 0.035137887703882258 -0.057729981551588976 -0.015617951000752639
leaf_weight=4.3535086959600466 3.0499103069305402 5.5308872982859638 7.4549967125058174 10.92267222702503 2.203459158539772 2.9585864022374153
leaf_count=33 19 40 62 66 18 17
internal_value=0 0.00618974 -0.0114979 0.0191787 -0.0206945 -0.0352995
internal_weight=36.474 28.2621 11.8085 16.4536 8.21196 5.16205
internal_count=255 201 95 106 54 35
is_linear=0
shrinkage=0.05


Tree=52
num_leaves=7
num_cat=0
split_feature=4 4 5 4 4 2
split_gain=1.8376 5.057 3.43404 2.94756 2.55804 2.30161
threshold=0.79530082818339864 0.7778180355534835 7.5000000000000009 0.80972372609026311 0.84765956682317412 1.7044599354267123
decision_type=2 2 2 2 2 2
left_child=1 2 -1 -2 -5 -3
right_child=3 5 -4 4 -6 -7
leaf_value=0.028696602469871321 -0.055659271881920706 0.010774222530403315 -0.024584822980775679 0.02325438186554929 -0.019956023196158204 0.074858521950641174
leaf_weight=4.4012825936079052 3.0505275130271938 2.7386729195713988 8.9140659719705564 5.7475069463253012 8.1124878451228124 3.4087291583418846
leaf_count=28 24 22 68 39 54 20
internal_value=0 0.0105203 -0.00651774 -0.0119493 -0.00164101 0.0477387
internal_weight=36.3733 19.4628 13.3153 16.9105 13.86 6.1474
internal_count=255 138 96 117 93 42
is_linear=0
shrinkage=0.05


Tree=53
num_leaves=4
num_cat=0
split_feature=1 4 2
split_gain=2.14864 1.5734 2.37736
threshold=0.9271829128265382 0.71670713845421297 1.2582805156707766
decision_type=2 2 2
left_child=1 -1 -3
right_child=-2 2 -4
leaf_value=0.030102507281404796 0.042745239943899768 -0.037506511650307925 -0.00041013296745447971
leaf_weight=3.0313573256134978 2.6288923844695082 5.1750185936689403 25.442217938601971
leaf_count=15 24 49 167
internal_value=0 -0.00337974 -0.00694474
internal_weight=36.2775 33.6486 30.6172
internal_count=255 231 216
is_linear=0
shrinkage=0.05


Tree=54
num_leaves=5
num_cat=0
split_feature=1 5 2 0
split_gain=1.99595 1.70098 3.95198 2.13928
threshold=0.9271829128265382 13.500000000000002 1.8291803002357485 1.5000000000000002
decision_type=2 2 2 2
left_child=1 2 -1 -3
right_child=-2 3 -4 -5
leaf_value=-0.0031832305861737931 0.041759031010849372 -0.023151158766446939 0.059077076420419844 0.02545996216356284
leaf_weight=14.523475460708143 2.5605440661311141 13.503975726664068 2.9606685712933531 2.5370505079627028
leaf_count=107 24 91 17 16
internal_value=0 -0.00322803 0.00735125 -0.0150429
internal_weight=36.0857 33.5252 17.4841 16.041
internal_count=255 231 124 107
is_linear=0
shrinkage=0.05


Tree=55
num_leaves=5
num_cat=0
split_feature=1 5 2 0
split_gain=1.85237 1.5453 3.60733 1.95191
threshold=0.9271829128265382 13.500000000000002 1.8291803002357485 1.5000000000000002
decision_type=2 2 2 2
left_child=1 2 -1 -3
right_child=-2 3 -4 -5
leaf_value=-0.0030307868883908615 0.040784451718620031 -0.022242689556273492 0.056623737794847119 0.024065607094985005
leaf_weight=14.49700613319874 2.4947224110364905 13.360565081238745 2.9393785148859015 2.5551589056849471
leaf_count=107 24 91 17 16
internal_value=0 -0.00306828 0.00700604 -0.0143922
internal_weight=35.8468 33.3521 17.4364 15.9157
internal_count=255 231 124 107
is_linear=0
shrinkage=0.05


Tree=56
num_leaves=4
num_cat=0
split_feature=1 0 3
split_gain=1.71878 1.48036 1.86266
threshold=0.9271829128265382 8.5000000000000018 0.92355811595916759
decision_type=2 2 2
left_child=1 2 -1
right_child=-2 -3 -4
leaf_value=0.038232963808481124 0.039821086933362358 0.026168749015578897 -0.010389461187513173
leaf_weight=1.9897036850452448 2.4313671402633181 3.7086341232061377 27.48585319519043
leaf_count=12 24 20 199
internal_value=0 -0.00291548 -0.00682004
internal_weight=35.6156 33.1842 29.4756
internal_count=255 231 211
is_linear=0
shrinkage=0.05


Tree=57
num_leaves=7
num_cat=0
split_feature=4 4 5 4 4 2
split_gain=1.52627 4.81975 3.08398 2.71351 2.31931 1.84723
threshold=0.79530082818339864 0.7778180355534835 7.5000000000000009 0.80972372609026311 0.84765956682317412 1.7044599354267123
decision_type=2 2 2 2 2 2
left_child=1 2 -1 -2 -5 -3
right_child=3 5 -4 4 -6 -7
leaf_value=0.026059536658554861 -0.053959289335117115 0.012399617367074178 -0.024742765832003161 0.022731089925443062 -0.018854716550463106 0.070944684070184616
leaf_weight=4.3894396424293545 2.9111697152256992 2.6815791875123969 8.5986554920673353 5.6629317104816419 7.8767899051308632 3.3555868305265903
leaf_count=28 24 22 68 39 54 20
internal_value=0 0.00974679 -0.00712373 -0.0109893 -0.00105592 0.0463807
internal_weight=35.4762 19.0253 12.9881 16.4509 13.5397 6.03717
internal_count=255 138 96 117 93 42
is_linear=0
shrinkage=0.05


Tree=58
num_leaves=6
num_cat=0
split_feature=1 6 4 3 4
split_gain=1.67384 3.57961 3.38911 2.33866 2.3179
threshold=0.72449904680252086 3.5000000000000004 0.85912722173859102 0.99127388000488292 0.83838501397301179
decision_type=2 2 2 2 2
left_child=3 -2 -3 4 -1
right_child=1 2 -4 -5 -6
leaf_value=-0.006283873555008289 0.065126274010276958 0.018990173180410241 -0.046099346509186824 0.037330073043354874 -0.054594474856329116
leaf_weight=17.790863327682025 2.6632302105426779 6.9596750438213331 2.6889298185706139 2.4079391509294501 2.8704608529806128
leaf_count=136 16 48 17 11 27
internal_value=0 0.0149418 5.09416e-05 -0.00781091 -0.0134671
internal_weight=35.3811 12.3118 9.6486 23.0693 20.6613
internal_count=255 81 65 174 163
is_linear=0
shrinkage=0.05


Tree=59
num_leaves=6
num_cat=0
split_feature=1 3 2 2 1
split_gain=1.59161 3.22738 1.88948 6.01115 0.974985
threshold=0.80422800779342662 0.9845557212829591 1.9763213694095614 1.8457514941692355 0.86210691928863536
decision_type=2 2 2 2 2
left_child=2 4 3 -1 -2
right_child=1 -3 -4 -5 -6
leaf_value=-0.0074293185957906398 0.0081457020364054441 -0.033945253748015027 -0.034606445779070481 0.080920498425523069 0.056632058352044691
leaf_weight=21.44583576917649 1.8911851719021786 1.8090585991740225 4.495596006512641 2.0136080831289283 3.445625115185976
leaf_count=162 11 9 29 10 34
internal_value=0 0.0210068 -0.00527798 0.000253119 0.0408356
internal_weight=35.1009 7.14587 27.955 23.4594 5.33681
internal_count=255 54 201 172 45
is_linear=0
shrinkage=0.05


end of trees

feature_importances:
Column_3=67
Column_4=60
Column_1=52
Column_0=32
Column_2=29
Column_5=15
Column_6=8
Column_7=4

parameters:
[boosting: gbdt]
[objective: binary]
[metric: binary_logloss]
[tree_learner: serial]
[device_type: cpu]
[data_sample_strategy: bagging]
[data: ]
[valid: ]
[num_iterations: 60]
[learning_rate: 0.05]
[num_leaves: 7]
[num_threads: 8]
[seed: 91]
[deterministic: 0]
[force_col_wise: 0]
[force_row_wise: 0]
[histogram_pool_size: -1]
[max_depth: 3]
[min_data_in_leaf: 15]
[min_sum_hessian_in_leaf: 0.001]
[bagging_fraction: 0.8]
[pos_bagging_fraction: 1]
[neg_bagging_fraction: 1]
[bagging_freq: 0]
[bagging_seed: 2784]
[bagging_by_query: 0]
[feature_fraction: 0.8]
[feature_fraction_bynode: 1]
[feature_fraction_seed: 29510]
[extra_trees: 0]
[extra_seed: 8681]
[early_stopping_round: 0]
[early_stopping_min_delta: 0]
[first_metric_only: 0]
[max_delta_step: 0]
[lambda_l1: 0.1]
[lambda_l2: 0.1]
[linear_lambda: 0]
[min_gain_to_split: 0]
[drop_rate: 0.1]
[max_drop: 50]
[skip_drop: 0.5]
[xgboost_dart_mode: 0]
[uniform_drop: 0]
[drop_seed: 8477]
[top_rate: 0.2]
[other_rate: 0.1]
[min_data_per_group: 100]
[max_cat_threshold: 32]
[cat_l2: 10]
[cat_smooth: 10]
[max_cat_to_onehot: 4]
[top_k: 20]
[monotone_constraints: ]
[monotone_constraints_method: basic]
[monotone_penalty: 0]
[feature_contri: ]
[forcedsplits_filename: ]
[refit_decay_rate: 0.9]
[cegb_tradeoff: 1]
[cegb_penalty_split: 0]
[cegb_penalty_feature_lazy: ]
[cegb_penalty_feature_coupled: ]
[path_smooth: 0]
[interaction_constraints: ]
[verbosity: -1]
[saved_feature_importance_type: 0]
[use_quantized_grad: 0]
[num_grad_quant_bins: 4]
[quant_train_renew_leaf: 0]
[stochastic_rounding: 1]
[linear_tree: 0]
[max_bin: 255]
[max_bin_by_feature: ]
[min_data_in_bin: 3]
[bin_construct_sample_cnt: 200000]
[data_random_seed: 335]
[is_enable_sparse: 1]
[enable_bundle: 1]
[use_missing: 1]
[zero_as_missing: 0]
[feature_pre_filter: 1]
[pre_partition: 0]
[two_round: 0]
[header: 0]
[label_column: ]
[weight_column: ]
[group_column: ]
[ignore_column: ]
[categorical_feature: ]
[forcedbins_filename: ]
[precise_float_parser: 0]
[parser_config_file: ]
[objective_seed: 29977]
[num_class: 1]
[is_unbalance: 0]
[scale_pos_weight: 1]
[sigmoid: 1]
[boost_from_average: 1]
[reg_sqrt: 0]
[alpha: 0.9]
[fair_c: 1]
[poisson_max_delta_step: 0.7]
[tweedie_variance_power: 1.5]
[lambdarank_truncation_level: 30]
[lambdarank_norm: 1]
[label_gain: ]
[lambdarank_position_bias_regularization: 0]
[eval_at: ]
[multi_error_top_k: 1]
[auc_mu_weights: ]
[num_machines: 1]
[local_listen_port: 12400]
[time_out: 120]
[machine_list_filename: ]
[machines: ]
[gpu_platform_id: -1]
[gpu_device_id: -1]
[gpu_use_dp: 0]
[num_gpu: 1]

end of parameters

pandas_categorical:null
